1	1003	Camptothecin	940	47	47
2	1004	Vinblastine	738	37	37
3	1005	Cisplatin	757	38	38
4	1006	Cytarabine	740	37	37
5	1007	Docetaxel_1007	939	47	47
6	1008	Methotrexate	854	43	43
7	1009	Tretinoin	199	10	10
8	1010	Gefitinib	930	47	47
9	1011	Navitoclax	939	47	47
10	1012	Vorinostat	931	47	47
11	1013	Nilotinib	927	47	47
12	1014	Refametinib	919	46	46
13	1016	Temsirolimus	895	45	45
14	1017	Olaparib	939	47	47
15	1018	Veliparib	921	47	47
16	1019	Bosutinib	921	47	47
17	1020	Lenalidomide	921	47	47
18	1021	Axitinib	933	47	47
19	1022	AZD7762	933	47	47
20	1023	GW441756	925	47	47
21	1024	Lestaurtinib	919	46	46
22	1025	SB216763	928	47	47
23	1026	Tanespimycin	921	47	47
24	1029	Motesanib	921	47	47
25	1030	KU-55933	927	47	47
26	1031	Elesclomol	199	10	10
27	1032	Afatinib	938	47	47
28	1033	Vismodegib	921	47	47
29	1034	Staurosporine	940	47	47
30	1036	PLX-4720	933	47	47
31	1037	BX795	199	10	10
32	1038	NU7441	917	46	46
33	1039	SL0101	199	10	10
34	1042	Doramapimod	927	47	47
35	1043	JNK Inhibitor VIII	923	47	47
36	1046	Wee1 Inhibitor	929	47	47
37	1047	Nutlin-3a (-)	940	47	47
38	1048	Mirin	867	44	44
39	1049	PD173074	939	47	47
40	1050	ZM447439	916	46	46
41	1051	Alisertib	922	47	47
42	1052	RO-3306	927	47	47
43	1053	MK-2206	940	47	47
44	1054	Palbociclib	940	47	47
45	1057	Dactolisib	930	47	47
46	1058	Pictilisib	939	47	47
47	1059	AZD8055	741	38	38
48	1060	PD0325901	940	47	47
49	1061	SB590885	916	46	46
50	1062	Selumetinib_1062	921	47	47
51	1067	CCT007093	910	46	46
52	1068	Obatoclax Mesylate	782	40	40
53	1069	EHT-1864	915	46	46
54	1072	Avagacestat	926	47	47
55	1073	5-Fluorouracil	940	47	47
56	1079	Dasatinib	934	47	47
57	1080	Paclitaxel	930	47	47
58	1083	Crizotinib	938	47	47
59	1084	Rapamycin	922	47	47
60	1085	Sorafenib	930	47	47
61	1086	BI-2536	895	45	45
62	1088	Irinotecan	937	47	47
63	1089	Oxaliplatin_1089	939	47	47
64	1091	BMS-536924	930	47	47
65	1093	GSK1904529A	937	47	47
66	1096	Tozasertib	241	13	13
67	1129	PF-4708671	241	13	13
68	1131	PRIMA-1MET	867	44	44
69	1133	Serdemetan	920	46	46
70	1149	TW 37	374	19	19
71	1168	Erlotinib	928	47	47
72	1170	CCT-018159	199	10	10
73	1175	Rucaparib	920	46	46
74	1177	Niraparib	867	44	44
75	1179	MK-1775	939	47	47
76	1180	Dinaciclib	864	44	44
77	1190	Gemcitabine	933	47	47
78	1191	Bortezomib	929	47	47
79	1192	GSK269962A	241	13	13
80	1194	SB505124	238	12	12
81	1199	Tamoxifen	929	47	47
82	1200	Fulvestrant_1200	935	47	47
83	1237	EPZ004777	937	47	47
84	1239	YK-4-279	930	47	47
85	1243	Piperlongumine	199	10	10
86	1248	Daporinad	568	29	29
87	1249	BMS-345541	865	44	44
88	1250	AZ960	865	44	44
89	1259	Talazoparib	928	47	47
90	1268	XAV939	866	44	44
91	1372	Trametinib	938	47	47
92	1373	Dabrafenib	926	47	47
93	1375	Temozolomide	938	47	47
94	1378	Bleomycin (50 uM)	728	37	37
95	1401	AZD5438	715	36	36
96	1428	IAP_5620	712	36	36
97	1441	AZD2014	715	36	36
98	1449	AZD1208	714	36	36
99	1463	AZD1332	715	36	36
100	1494	SN-38	927	47	47
101	1502	Bicalutamide	199	10	10
102	1507	Ruxolitinib	871	44	44
103	1510	Linsitinib	939	47	47
104	1511	Epirubicin	930	47	47
105	1512	Cyclophosphamide	929	47	47
106	1529	Pevonedistat	928	47	47
107	1549	Sapitinib	938	47	47
108	1553	Uprosertib_1553	870	44	44
109	1557	LCL161	866	44	44
110	1558	Lapatinib	938	47	47
111	1559	Luminespib	936	47	47
112	1560	Alpelisib	937	47	47
113	1561	Taselisib	938	47	47
114	1563	EPZ5676	934	47	47
115	1564	SCH772984	936	47	47
116	1576	IWP-2	866	44	44
117	1578	Leflunomide	867	44	44
118	1580	GSK2801	715	36	36
119	1581	Bromosporine	714	36	36
120	1582	SGC-CBP30	714	36	36
121	1583	GSK-LSD1	714	36	36
122	1584	BDOCA000347a	715	36	36
123	1585	BDF00022089a	715	36	36
124	1586	BDILV000379a	715	36	36
125	1593	Entinostat	870	44	44
126	1594	OSI-027	932	47	47
127	1598	LGK974	936	47	47
128	1613	VE-822	867	44	44
129	1614	WZ4003	867	44	44
130	1615	CZC24832	867	44	44
131	1617	AZD5582	855	43	43
132	1618	GSK2606414	859	43	43
133	1620	PFI3	867	44	44
134	1621	PCI-34051	867	44	44
135	1622	Wnt-C59	867	44	44
136	1624	I-BET-762	866	44	44
137	1625	RVX-208	866	44	44
138	1626	OTX015	866	44	44
139	1627	GSK343_1627	866	44	44
140	1629	ML323	866	44	44
141	1630	Entospletinib	867	44	44
142	1631	PRT062607	867	44	44
143	1632	Ribociclib	931	47	47
144	1634	AGI-6780	866	44	44
145	1635	Picolinici-acid	866	44	44
146	1706	AZD5153	715	36	36
147	1708	CDK9_5576	714	36	36
148	1709	CDK9_5038	714	36	36
149	1712	Eg5_9814	711	36	36
150	1713	ERK_2440	715	36	36
151	1714	ERK_6604	715	36	36
152	1716	IRAK4_4710	715	36	36
153	1718	JAK1_8709	715	36	36
154	1720	AZD5991	711	36	36
155	1730	PAK_5339	714	36	36
156	1732	TAF1_5496	714	36	36
157	1733	ULK1_4989	713	36	36
158	1734	VSP34_8731	715	36	36
159	1736	Selumetinib_1736	715	36	36
160	1738	IGF1R_3801	714	36	36
161	1739	JAK_8517	715	36	36
162	1776	GSK2256098C	715	36	36
163	1777	GSK2276186C	715	36	36
164	1778	GSK2110183B	715	36	36
165	1779	GSK626616AC	715	36	36
166	1780	GSK3337463A	715	36	36
167	1782	GSK2830371A	715	36	36
168	1783	LMB_AB1	715	36	36
169	1784	LMB_AB2	715	36	36
170	1785	LMB_AB3	715	36	36
171	1786	AZD4547	931	47	47
172	1799	Ibrutinib	863	44	44
173	1802	Zoledronate	715	36	36
174	1803	Acetalax_1803	715	36	36
175	1804	Acetalax_1804	715	36	36
176	1806	Oxaliplatin_1806	715	36	36
177	1808	Topotecan	715	36	36
178	1809	Teniposide	715	36	36
179	1810	Mitoxantrone	715	36	36
180	1811	Dactinomycin_1811	715	36	36
181	1812	Bleomycin	715	36	36
182	1813	Fludarabine	715	36	36
183	1814	Nelarabine	714	36	36
184	1815	Dacarbazine	715	36	36
185	1816	Fulvestrant_1816	715	36	36
186	1817	Romidepsin	715	36	36
187	1819	Docetaxel_1819	668	34	34
188	1820	123829	715	36	36
189	1821	765771	715	36	36
190	1824	123138	715	36	36
191	1825	Podophyllotoxin bromide	715	36	36
192	1826	50869	715	36	36
193	1827	Dihydrorotenone	713	36	36
194	1828	720427	715	36	36
195	1829	667880	715	36	36
196	1830	Gallibiscoquinazole	715	36	36
197	1831	L-Oxonoreleagnine	715	36	36
198	1832	729189	715	36	36
199	1833	741909	715	36	36
200	1834	743380	715	36	36
201	1835	Elephantin	715	36	36
202	1836	150412	715	36	36
203	1838	Sinularin	715	36	36
204	1839	615590	715	36	36
205	1840	630600	715	36	36
206	1843	LMP744	715	36	36
207	1844	776928	714	36	36
208	1845	Schweinfurthin A	714	36	36
209	1847	BEN	715	36	36
210	1849	Sabutoclax	865	44	44
211	1852	LY2109761	865	44	44
212	1853	OF-1	867	44	44
213	1854	MN-64	867	44	44
214	1855	KRAS_G12C_Inhibitor_12	867	44	44
215	1862	MG-132	941	48	48
216	1866	BDP-00009066	740	37	37
217	1873	Buparlisib	930	47	47
218	1908	Ulixertinib_1908	930	47	47
219	1909	Venetoclax	930	47	47
220	1910	ABT737	929	47	47
221	1911	Dactinomycin_1911	915	46	46
222	1912	Afuresertib	929	47	47
223	1913	AGI-5198	930	47	47
224	1915	AZD3759	938	47	47
225	1916	AZD5363	930	47	47
226	1917	AZD6738	930	47	47
227	1918	AZD8186	930	47	47
228	1919	Osimertinib	929	47	47
229	1922	Cediranib	930	47	47
230	1924	Ipatasertib	930	47	47
231	1925	GDC0810	930	47	47
232	1926	GNE-317	916	46	46
233	1927	GSK2578215A	930	47	47
234	1928	I-BRD9	930	47	47
235	1930	Telomerase Inhibitor IX	930	47	47
236	1931	MIRA-1	938	47	47
237	1932	NVP-ADW742	930	47	47
238	1933	P22077	930	47	47
239	1936	Savolitinib	929	47	47
240	1939	UMI-77	740	37	37
241	1940	WIKI4	929	47	47
242	1941	Sepantronium bromide	930	47	47
243	1996	MIM1	740	37	37
244	1997	WEHI-539	934	47	47
245	1998	BPD-00008900	740	37	37
246	1999	N25720-51-A1	739	37	37
247	2000	N27922-53-1	740	37	37
248	2002	N30652-18-1	740	37	37
249	2003	N29087-69-1	740	37	37
250	2010	HKMTI-1-005	738	37	37
251	2011	ICL-SIRT078	737	37	37
252	2037	GSK343_2037	738	37	37
253	2038	UNC0638	729	37	37
254	2039	AGK2	907	46	46
255	2040	Foretinib	925	47	47
256	2043	BIBR-1532	924	47	47
257	2044	Pyridostatin	923	47	47
258	2045	AMG-319	922	47	47
259	2046	MK-8776	924	47	47
260	2047	Ulixertinib_2047	737	37	37
261	2048	Vinorelbine	928	47	47
262	2055	Mycophenolic acid	734	37	37
263	2057	Remodelin	368	19	19
264	2096	VX-11e	926	47	47
265	2106	Uprosertib_2106	733	37	37
266	2107	LJI308	926	47	47
267	2109	AZ6102	927	47	47
268	2110	GSK591	926	47	47
269	2111	VE821	924	47	47
270	2112	VTP-A	734	37	37
271	2113	VTP-B	734	37	37
272	2145	PBD-288	738	37	37
273	2148	POMHEX	738	37	37
274	2149	CT7033-2	738	37	37
275	2154	GSK-LSD1-2HCl 	736	37	37
276	2156	5-azacytidine	737	37	37
277	2157	A-366	738	37	37
278	2158	CPI-637	738	37	37
279	2159	UNC0379	738	37	37
280	2169	AZD6482	240	12	12
281	2170	AT13148	926	47	47
282	2171	BMS-754807	921	47	47
283	2172	JQ1	921	47	47
284	2173	PFI-1	918	46	46
285	2174	IOX2	199	10	10
286	2175	CHIR-99021	199	10	10
287	2177	SGC0946	918	46	46
288	2359	GSK2830371	728	37	37
289	2360	THR-101	728	37	37
290	2361	THR-102	728	37	37
291	2362	THR-103	728	37	37
292	2438	ascorbate (vitamin C)	728	37	37
293	2439	glutathione	728	37	37
294	2498	alpha-lipoic acid	731	37	37
295	2499	N-acetyl cysteine	731	37	37
